1	5	10	0	0	0	0	0	0	0
2	9	2	14	0	0	0	0	0	0
3	15	22	8	16	0	0	0	0	0
0	2	4	0	22	12	0	0	0	0
0	0	2	2	12	-36	44	0	0	0
0	0	0	7	5	3	11	43	0	0
0	0	0	0	11	9	9	2	36	0
0	0	0	0	0	10	6	4	12	20
0	0	0	0	0	0	8	3	2	-2
0	0	0	0	0	0	0	7	2	5

1
2
3
4
5
1
2
3
4
5


/////////////////////////////////////////////
x[0] = -140.497
x[1] = 37.2654
x[2] = -4.48299
x[3] = -3.10203
x[4] = -0.690482
x[5] = -0.53234
x[6] = 0.211172
x[7] = 0.591645
x[8] = 0.313959
x[9] = 0.0461141

1	5	10	0	0	0	0	0	0	0
2	-1	18	-14	0	0	0	0	0	0
3	0	-8	-1	-2	0	0	0	0	0
0	2	-32	6	-7	2	0	0	0	0
0	0	2	4	44	-1	1	0	0	0
0	0	0	7	54	43	-1	1	0	0
0	0	0	0	11	20	18	-1	2	0
0	0	0	0	0	10	16	10	-2	2
0	0	0	0	0	0	8	11	8	-3
0	0	0	0	0	0	0	7	16	39